     20.00000000      0.00000000      0.00000000
      0.00000000     20.00000000      0.00000000
      0.00000000      0.00000000     20.00000000
     2    6
 H2O1           1     3
      7.50632000      7.50000000      3.60000000
      6.72887000      6.73601000      3.60000000
      6.96132000      8.44397000      3.60000000
 H2O2           1     3
      7.50632000      7.50000000     10.60000000
      6.72887000      6.73601000     10.60000000
      6.96132000      8.44397000     10.60000000
