 MM
 fscs
  1   5   6   5   2
 C2H4       0.00000 0.000000
  6  6  1  1  1  1
 CA CA HA HA HA HA
  12.0107  12.0107   1.0079   1.0079   1.0079   1.0079
  -0.0000  -0.0000   0.0000   0.0000   0.0000   0.0000
 bonds   5
   1   2 harm     1.0000    1.3333
   1   3 amber  367.0000    1.1100
   1   4 amber  367.0000    1.1100
   2   5 amber  367.0000    1.1100
   2   6 amber  367.0000    1.1100
 bends   6
   2   1   3 amber   50.0000  119.5000
   2   1   4 amber   50.0000  119.5000
   1   2   5 amber   50.0000  119.5000
   1   2   6 amber   50.0000  119.5000
   3   1   4 harm   100.0000  119.5000
   5   2   6 harm   100.0000  119.5000
 dihedrals   5
   3   1   2   5 amber   4    0.00   180.0  2
   3   1   2   6 amber   4    0.00   180.0  2
   4   1   2   5 amber   4    0.00   180.0  2
   4   1   2   6 harm     0.0000    1.0000
   1   4   2   6 amber   0    0.00     0.0  0
 vdw   2
 HA HA amber    0.0500    2.9180
 CA HA lj       0.0500    3.0000

