     21.00000000      0.00000000      0.00000000
      0.00000000     21.00000000      0.00000000
      0.00000000      0.00000000     21.00000000
     2  927
 H2O          300     3
      2.45874300     12.17867900     12.30388900
      2.53977400     11.36148900     11.82001300
      2.03713200     11.92285400     13.11954400
     16.99286700     11.28184100     14.20903100
     17.43911200     10.44408700     14.29583400
     16.07784800     11.04419600     14.08753600
     15.66864800     18.05079300     10.13510200
     16.48334100     18.43799800     10.44307900
     15.82672500     17.88672900      9.20958100
      2.08252400      5.98056600     14.12579200
      2.31486600      5.05622200     14.11549600
      1.12956300      5.97901200     14.10680200
      5.76023800     20.30255200     15.10247200
      5.19567000     21.00043200     15.42298100
      6.24827700     20.70887200     14.39168500
      2.88755600      5.24825400      7.50489400
      2.17237400      4.65696100      7.72258300
      2.81421500      5.94613400      8.14993700
      4.17553800      8.76437700     17.46600400
      4.14989800      9.22441800     18.30039300
      4.94414100      8.20488800     17.53469300
      6.60266600     -0.00022800      9.16270500
      7.08442900      0.23863900      8.37571800
      6.93139400      0.60063000      9.82558100
     15.63083000     11.69151900     18.57600800
     16.08274900     11.90184300     17.76358200
     14.77280700     12.09371000     18.47337100
     11.24150300     20.59220400     19.55813300
     11.03706200     19.66126300     19.56558600
     10.44697900     21.00010700     19.22520400
      0.52920300     11.97751700      6.26447900
      0.38260100     11.10739900      6.62490100
      1.47653000     12.03363400      6.17549000
     16.54777000      7.83422300      0.42511500
     16.35817100      7.00259500     -0.00026500
     15.68741900      8.19179600      0.62619300
      2.42188700     15.23424300      4.23109400
      1.71205000     15.77841100      3.90168000
      2.95639800     15.06145900      3.46106800
     16.85985100      8.79594600     11.58846900
     16.13351500      9.15483100     12.09060300
     16.72064400      9.13361600     10.70807300
     19.63611900     11.97588500      8.89324600
     20.56724700     12.10439800      8.73517300
     19.28270100     12.86065300      8.92112600
      4.19173300      3.42529000     18.19354200
      3.73924900      2.60532900     18.37080700
      4.55790300      3.67376800     19.03774300
      3.04608000      3.39416400     12.05041200
      3.77264000      3.10054100     12.59299600
      2.80744000      2.62107700     11.54654300
      8.54549700     14.90168600     16.42316200
      7.65730600     15.24567600     16.45906300
      9.09482200     15.68060300     16.42829500
     11.68140000      5.10326400     10.32803900
     10.74121300      5.19322300     10.45632900
     12.03434100      5.08639600     11.21327600
      0.07975100     18.20181100      7.94995700
      1.01620200     18.03384400      8.00781100
      0.02309400     19.14013300      7.79235600
      8.65992200     -0.01052200     14.76032300
      9.60912700     -0.00391900     14.67390500
      8.42431600      0.91268700     14.78622800
      7.26057100      7.23368600      4.46991800
      7.31773600      8.17443500      4.61213100
      8.05448700      6.89118400      4.87102500
      3.73987200      9.49196900      0.19320400
      3.01732500     10.08271500     -0.00030400
      3.31565900      8.65365700      0.35374100
     20.35618100      8.58773500     19.28909500
     21.00069700      8.30957900     19.93386600
     20.45500900      9.53524500     19.25819600
      3.47541200     -0.00130900     10.25744700
      4.23452400      0.54163100     10.45101100
      3.29989500      0.16780500      9.33598600
      3.62752700     11.42382700      9.09034400
      4.40725800     11.75992100      8.65726000
      2.96574600     11.42130600      8.40438800
      5.57798200     21.01403000      8.84330100
      5.33686700     20.09449500      8.77387600
      6.52998400     21.00004700      8.88792400
     19.75971600      4.17234500     14.04882900
     20.69581700      4.08527700     13.89187700
     19.37964600      3.42372000     13.59760400
      5.40350300     12.42229200     18.16511500
      5.90508400     13.03470600     18.69602700
      5.62633200     11.56849400     18.52549300
     11.83083200      2.26615900     -0.00325000
     11.11883900      1.63247700      0.00050500
     12.61794200      1.72861500     -0.00225800
     18.53936000      5.57450700      0.87161000
     19.43829400      5.33925900      1.08392400
     18.16321100      5.82799200      1.70991400
     15.37698200      0.45409200      0.05041800
     16.24103400      0.05401900      0.00733700
     14.94826100     -0.00001700      0.77047300
     13.44447200      2.59579900     16.97328500
     14.25589600      3.07473000     16.82934600
     13.00076600      3.09337400     17.65449000
     13.96601400      3.68903800      6.09198600
     13.11933600      3.97635300      5.76170200
     14.29210800      3.10474100      5.41319500
      4.92319700      7.56474100      6.95756700
      5.01609500      7.61760300      6.01042600
      5.27085100      6.70447900      7.17570000
     14.95316500     11.65947100      0.40369900
     15.78845100     11.88908500      0.00611300
     14.81407800     10.75378800      0.14123300
     16.71622400      0.23557400      6.04162100
     17.54413300      0.00015000      5.63217800
     16.66353900      1.18052500      5.92853600
     20.21338300      0.70226900      5.55925700
     20.13942600      0.20760400      4.74787600
     20.40955700      0.03995800      6.21603300
      3.40312200      8.71180100      9.68997800
      3.94276900      7.93513900      9.80863200
      3.18978700      8.70463300      8.76103600
     20.19488700      5.23883600     21.00020400
     19.46612600      4.62450000     20.99973300
     20.96727200      4.68034100     21.00060400
      5.31212800     20.99246700      5.62235000
      4.61171400     20.99744500      6.26879900
      6.10881900     21.00289100      6.14548600
     19.96981900     14.68873000      4.66146000
     19.50245200     15.48776700      4.88863600
     19.31961300     14.16365300      4.20317800
      3.92999300     12.00623300      4.52051200
      4.76172200     11.54711900      4.44342300
      4.18048300     12.91429800      4.66600100
     20.57078800     18.15296900     13.30631500
     21.00002700     19.00378200     13.32563800
     19.64124100     18.36371900     13.30152200
     10.78587900      2.88367400     12.76557500
     10.24787600      2.23266100     13.20743000
     10.20005100      3.62649600     12.64931100
     11.94323800      0.58016700      2.40338500
     11.19042800     -0.00361200      2.37208300
     12.69231000     -0.00602600      2.34203200
     16.28053500      5.42088400      7.56558800
     16.38289600      4.47696100      7.48172600
     17.09841000      5.70714000      7.96261700
      9.44274200     17.60942300      5.76169400
      9.31788400     18.34876900      5.17324000
     10.06795500     17.93026400      6.40563900
      7.79230200     17.85764700      7.94687000
      7.35796300     17.01648800      7.83595200
      7.19205800     18.48146100      7.54804700
      3.56777200     14.61204300     14.38539200
      4.38261200     15.09346200     14.49840700
      3.84795200     13.75150700     14.08627400
      5.11517400      0.09768500     16.33623600
      6.04668000      0.00012000     16.51309600
      4.73544800      0.27626400     17.19204800
      2.37030800      5.77977500      4.63560300
      2.64694800      4.87864900      4.77682100
      3.18514300      6.24968100      4.48156500
     14.72760900     20.09649700     17.83507100
     13.86536500     19.69641300     17.90556400
     14.58518500     21.00001400     18.10315400
      4.38298300     18.42873500     13.01158200
      3.98813300     19.25371700     13.27990900
      5.29156300     18.65512300     12.83346300
     12.51497200     12.19964600     14.52591400
     11.73839000     12.66510800     14.22797900
     13.15590900     12.88995200     14.67142300
     18.24207600     14.01740100     18.56477700
     18.67971700     14.84097800     18.76147900
     17.34065700     14.16443100     18.83740000
      3.81326000     15.04335500     11.65947100
      2.88190500     14.84148300     11.64138700
      3.84657900     15.95303400     11.94208400
      7.93438800     -0.00029400      0.68882200
      8.59116500      0.61926900      0.38339300
      7.27832400     -0.00041700     -0.00260800
      7.56286300     10.85948100     -0.00719300
      8.41817700     10.44811600      0.08066200
      6.98272800     10.29502700      0.49612500
      0.00706300      7.76360700      0.48220800
     -0.00059700      8.58525100     -0.00084800
      0.86921100      7.39880000      0.30300600
     13.50184000      5.59327500      8.02027300
     13.78243900      4.86691300      8.56996800
     13.85576000      6.36304600      8.45695400
      7.85421500     -0.00991800      3.43741100
      8.53784900      0.63873200      3.29458400
      7.05932100      0.50852900      3.52602300
     15.05489900     12.22781900      6.61215100
     15.37247400     11.67654200      5.90240400
     14.64505700     11.61395800      7.21522800
     21.00049300     16.91985200      8.81182500
     20.84054600     16.04652100      9.15854100
     20.42298500     17.48012900      9.32277500
     11.77010100     20.47461100      7.33871000
     11.97352100     20.99978900      6.56974300
     12.08913700     20.99960300      8.06747200
      8.69778600      4.17823000     -0.00051700
      7.92699100      4.73888200      0.00622300
      8.75868700      3.85917500      0.89558000
      7.58086300     20.44011600     19.39652500
      8.07043000     19.62264600     19.42035200
      6.68178000     20.16592300     19.23852200
      0.77465600     21.01429400     14.65454800
      0.00565700     20.45175200     14.62830400
      1.50453700     20.41273300     14.53667500
      3.95304800     14.95243400      7.07365100
      4.29457100     14.06677700      7.16011500
      4.56829800     15.48617300      7.56871200
      0.09039800     15.67857700     20.54084100
      1.00510800     15.69188100     20.27320400
     -0.00262400     14.85013500     21.00292900
     12.83384400      9.95060500     12.97678600
     12.17264500      9.63731700     13.58766000
     13.64396900      9.91971000     13.47802400
      6.89827700     19.37740200      0.64740500
      7.62809400     19.97807500      0.77012300
      7.21736300     18.75638300     -0.00145100
     10.04444200      0.54139900     10.94907300
      9.38050300     -0.00010200     11.36676100
     10.32924400      0.02205200     10.20230400
     18.20068100     10.78793000      4.70493400
     17.96176400     10.79141200      5.62765100
     18.05759000     11.68814200      4.42629700
      3.27944700      2.87509900     15.48444300
      4.21283900      3.06739000     15.46697900
      3.24029000      1.92277400     15.49070400
     18.93009100      8.13145400      5.74595200
     18.78316400      7.29022500      5.32257700
     19.85852900      8.29892300      5.61011200
      7.59513800     10.64362200     13.40486300
      7.72040400     10.91606100     12.50010500
      8.44970300     10.31215100     13.66628500
     -0.00365000      4.18791700     10.00389400
      0.87706400      3.82345200     10.00078500
      0.06911100      4.97135400      9.46590900
      1.65589100     14.68509400      9.07789500
      2.15026400     15.50000600      9.07416500
      2.32700700     14.00826700      9.08023900
     19.12072200      7.44522800      8.63067000
     18.74256200      7.76354900      9.44563500
     19.73120500      8.13155600      8.37618900
     12.44298000     15.29290800     12.20024500
     11.64530100     14.98508800     11.77898800
     12.72344500     16.02394100     11.65671400
     19.78468400      0.80719100      0.42406300
     19.97135900      1.63925300     -0.00176200
     18.94680500      0.54215400      0.05499600
      6.58049000      7.13613000     -0.00491700
      7.39938600      7.62389000     -0.00590100
      5.90912100      7.81269900     -0.00120700
      7.46141700     12.45804100     21.00034900
      6.74273700     11.83231400     21.02190800
      8.24265400     11.91199600     21.00051800
     17.67596200      3.48454300     15.75513300
     17.67034000      4.35999100     16.13204200
     16.91928600      3.05914600     16.14880200
      7.07475600     14.24187200      7.68325500
      6.92448900     13.32534400      7.46901700
      8.01004800     14.36099600      7.54348900
      5.93125000     15.58132400      9.99116300
      5.74262800     16.51553400     10.00441800
      6.87685200     15.53541800     10.10173300
      4.39743100     12.48223400      1.81907200
      3.52680400     12.09460200      1.80320500
      4.98321000     11.73790900      1.71257800
     12.06485600      2.79370800      8.00937000
     11.35202800      3.40559900      8.17051200
     11.63406000      1.94469300      7.96369900
     16.63358600      5.71455700      4.64712100
     16.47782200      6.21097900      3.84849500
     15.77915400      5.35171800      4.86342900
     14.55802700      1.26199800     14.22772000
     15.36000100      1.72758900     14.00734600
     13.91310100      1.95458000     14.34128500
     10.13047200      5.12590900     18.80133500
     10.87444700      4.58156300     18.55907300
      9.37495600      4.63655700     18.48792600
      9.37347100      4.83696700      6.90728400
      8.49147300      4.57736400      6.65591600
      9.30506900      5.77672100      7.05109200
     14.08251300      0.69900200      8.08998400
     14.43198800      1.45047400      7.61917800
     14.69514100     -0.00339500      7.89042900
      9.96403400     16.48280900      9.93456400
     10.05455800     16.71623200      9.01487900
      9.20931300     16.98616600     10.22700700
     11.46762400      1.19329500     20.98902000
     10.86238600      1.92917000     21.01501800
     12.32846900      1.60182900     21.01228300
     14.72555100      0.77378200      4.02072300
     14.83832900      1.40887100      3.31897900
     15.12229600     -0.02200200      3.67748000
     16.43401000      0.35338700     16.13337200
     17.17169600     -0.00060400     16.62225900
     15.68778500      0.21581100     16.71018800
     11.55071100      7.82826000      8.13858200
     10.81802600      7.45370200      8.61960200
     11.51596200      7.39416900      7.29073000
     14.55277400     14.46291000      4.94286900
     14.92502400     14.83208800      5.73888400
     14.95220700     14.97270400      4.24354200
      1.74483500      6.19409300     11.27151900
      2.53598300      5.83103800     10.88321900
      2.00651300      7.06531600     11.55610800
     20.26539100     15.60989600     11.98165600
     19.60845100     16.19367000     11.61268500
     19.77433200     14.82589000     12.21120000
      9.04729200     20.42300700      6.95811800
      9.24472600     21.00315400      6.22808400
      9.01930300     21.00393300      7.71325900
     15.73093100     12.53636900      3.23359000
     14.80297200     12.51599600      3.01684300
     16.12902700     12.99659100      2.49996100
     13.54490500      7.13257500     13.22692600
     14.48632800      7.19416400     13.09116600
     13.43792900      7.26613600     14.16459000
     14.46690100     10.24791100      9.59400600
     14.12463200     10.10756400     10.47244500
     14.15087200      9.49615200      9.10056800
     15.04583400      5.09166800     19.96752900
     14.64305500      4.35130000     19.52241500
     15.94522200      4.81168400     20.11314900
      0.11126100     15.55927900      6.73934400
      0.03210900     14.61705500      6.85955200
      1.03905100     15.69251800      6.56628200
      5.88906700      4.28188900      5.81856500
      5.87544600      4.95425400      5.14310900
      4.97365400      4.18474400      6.06570700
      6.92200700      6.56449800     14.32956500
      6.17562400      7.12128300     14.53304400
      7.67374400      7.06780800     14.62967600
      3.40462300     20.85519000     11.12224800
      2.58655200     21.00002400     11.58945700
      3.18109800     21.01776800     10.21005200
     16.95368500     16.62942900     13.30698700
     16.98279700     16.53007000     12.35947300
     16.98944600     17.57241100     13.44115700
      0.20756800     11.70287900     20.40268900
     -0.00072900     10.91415300     19.90971300
      0.13945800     12.40212400     19.75855100
     20.52205500      2.18674600      2.78840100
     21.00156900      2.52583500      3.53912500
     20.11551600      2.95952700      2.40626100
      3.81092600     18.62122000      0.34467800
      4.54157500     18.12236600     -0.01000200
      4.15899000     19.50333900      0.44066800
     12.19571000     17.69618400      0.89896200
     12.07839000     17.19009200      0.09983300
     11.96343900     18.58507400      0.64514900
     19.71267800      0.74765200     14.13528500
     19.09692500      0.05426600     13.91490800
     20.55450400      0.30286600     14.17990400
      1.93836500      4.39146600     19.46668000
      2.37786300      5.17843500     19.77655300
      1.01209700      4.61160700     19.51207600
      9.48692700     13.80785300     19.27683600
      8.71518400     13.52214700     18.79591400
      9.67214000     14.67312600     18.92258300
     11.29668500      5.97878100      4.07375400
     10.43328700      6.14935900      3.70776300
     11.13872400      5.90060500      5.01046800
     11.48416500     17.76397500      3.56429900
     11.94293300     17.82623500      4.39746000
     11.32737300     18.67158200      3.31901900
      4.43579100      9.14131900     13.34489500
      3.94355400      9.88969700     13.67067800
      3.76324300      8.51173100     13.10036400
     12.23605400     20.99992900     15.63432400
     13.02769600     20.53576300     15.37673200
     11.79993100     20.39832400     16.23128700
     -0.09046600     16.26204200     10.49817800
      0.25157800     17.15167900     10.50551700
      0.35274900     15.83856900     11.22805900
      7.21161700     19.38287000     11.00495300
      8.05935100     19.45944200     10.57602000
      7.12022400     20.20238300     11.48301300
      3.41554100     21.00510000     17.52673500
      3.24954200     20.57819400     18.36261600
      2.63880900     20.80999100     17.00990300
      8.82399700     11.41984200      2.75640400
      8.45640900     12.14225200      2.25490300
      8.07096100     10.87030400      2.95500100
      2.66881200     -0.01581600     13.25583700
      2.03729100      0.69208500     13.34834700
      3.50873800      0.43080300     13.19624300
     20.91701400      5.48789500      3.93994300
     19.98958700      5.33934800      3.77772600
     21.00187600      6.43726000      3.94027100
      3.56139900      0.00510400      4.00821900
      4.06477400     -0.01467600      3.19906900
      4.22473000     -0.00112300      4.69265200
     13.39602800      7.53349900      4.93246600
     14.00320300      7.35033500      4.22092500
     13.63276900      6.90192900      5.60594100
      9.16452300     17.05685100      1.71841100
      8.64521500     17.74742400      2.12081400
      9.45793300     17.43857800      0.89579900
     17.50198200      2.71749400     11.66382700
     16.80630000      3.15019700     12.15095800
     17.63017600      1.89432600     12.12692200
      7.72365500      3.69662300     20.85996800
      8.27069200      4.46447000     21.00019100
      8.34816100      2.99520600     20.69716800
      8.82832900      1.51429400      5.88524700
      8.05558700      1.84929000      6.33150700
      9.53432200      2.07521700      6.19417400
      0.00198200     14.80850300     13.93278400
      0.00545400     15.76139400     13.95485600
      0.90136700     14.57961200     13.71550100
     13.57395600     20.05116400     20.91072300
     14.46019900     19.87312300     20.60844100
     13.54715000     20.99969500     21.00053200
     12.66031000      0.46901600     18.52943900
     11.94417400     -0.02918200     18.14544700
     13.44066400     -0.01577600     18.27543200
      8.59331400     11.70928600     16.03067100
      9.17362100     11.70496600     16.78679700
      8.98962100     12.34325500     15.43947000
     20.38734100      5.25627300     17.87140500
     21.00101400      4.52923000     17.81382900
     20.84077700      5.89863100     18.41017100
      9.76014100      7.50819400     20.12230300
      9.86116900      8.45523000     20.15996200
      8.81607900      7.37718300     20.11346200
      3.83900600     18.35990700      6.35700900
      3.28902800     17.58188900      6.33030500
      4.72424400     18.01412900      6.42971500
     20.43458400     11.17819000     14.24049100
     21.00043000     11.93499400     14.36526500
     21.00067600     10.43401900     14.42554300
     11.12421400     14.63448200      3.67443100
     11.99108400     15.02843300      3.63154700
     11.27782700     13.78182800      4.07177400
     13.60327900     10.33272800     16.69845300
     14.22779600     10.73316400     16.10001200
     13.18699000      9.65266700     16.17623000
      3.39009000     11.27822100     20.09882700
      2.84867200     11.93794300     19.67440500
      2.81033800     10.88517400     20.74527700
     21.00763200      1.51021900     19.92643200
     20.90938100      0.90269700     19.19858200
     20.98476500      2.36938300     19.51435100
     11.05581000     16.59000300     14.72841900
     11.76394000     17.00407500     14.24303500
     10.42850200     16.34244600     14.05484900
     17.58672500      2.79079300     18.85499800
     18.24842900      2.64649900     19.52568900
     17.30454300      1.91211900     18.61666500
     15.84915000      9.79015400      3.29687000
     16.08607000      8.86755200      3.26257100
     14.89603600      9.78343800      3.30172400
     15.56046600      8.75820700     19.33683000
     15.55730000      7.80515200     19.35019800
     15.19624500      8.97806000     18.48389100
     18.30976800     16.21796100      8.09647200
     17.62799600     16.61797000      7.56385500
     17.89624200     16.09548500      8.94646600
     13.81100300     20.58957100     12.74130000
     14.05571300     21.00062600     11.91689100
     13.21854700     19.88910200     12.48277500
     17.21451400      2.63849600      0.69059600
     17.65532400      3.12177100     -0.00268100
     17.12644600      3.27454300      1.39499900
      6.82836400     19.13503400      4.26030500
      6.78868900     18.19644800      4.09911000
      6.94593200     19.51313000      3.39328800
      8.06207700      4.56473200     11.19669000
      7.52101500      3.88328300     11.58576600
      8.10987400      5.23516300     11.87251100
      8.55847300     14.00374700     12.32704800
      9.11842700     14.12615400     13.08860500
      8.92592000     14.59244000     11.67365600
      5.93471500      5.28698800     17.04488700
      6.54161800      6.02194400     17.04177800
      5.15993000      5.62588100     16.60516400
     10.06690700     14.77113000      0.48437800
     10.99520000     14.56226500      0.42824900
      9.78390400     14.34891200      1.29068900
      0.57931500     19.91987800     18.59966900
      0.00729200     19.44378700     18.00416300
      0.00010100     20.54680300     19.02390100
     17.45079100      5.62437400     13.69992600
     17.34757200      6.41302500     14.22516600
     16.90553800      5.78402900     12.93461200
      2.37414900      6.05873400     16.85899600
      2.47142400      5.11058700     16.86649300
      1.43098100      6.19355300     16.83151700
     16.98916000     20.21496800     16.27505200
     17.80026200     20.58143500     16.61610500
     17.01967800     19.30018200     16.54100600
     19.73022800     16.98915800     17.39126600
     20.60959700     17.35679400     17.39873700
     19.16365400     17.74865300     17.28804300
     -0.02481700      7.39349000      6.52974400
      0.86125800      7.04317900      6.55534100
      0.10149900      8.33342700      6.43456400
      9.97442000     11.72355100      6.71260000
      9.29564500     11.93830900      7.34635400
     10.36184000     12.56679100      6.49500200
     20.81597300      1.99776500      8.16447500
     21.00088200      2.54343900      8.92378300
     21.00194400      2.56546600      7.42176000
     15.78680000     13.64617100     14.92588900
     15.93220600     14.50729200     15.30776300
     15.88639700     13.78965300     13.98887800
      0.00297800     11.89998000     16.09699900
     -0.00288800     12.09588000     17.02978500
      0.28751200     12.71458700     15.69209000
     18.70854300     13.68645800     15.76318400
     18.69158500     13.33854400     14.87595800
     19.36286900     13.15421200     16.20710700
     12.07772500      0.04810400      5.39334500
     12.37052100      0.94777800      5.50892300
     11.16582400      0.13445200      5.12976100
      0.83581800     11.43495800      0.98752400
      0.06814300     11.29890000      0.43919600
      0.84002100     10.68028700      1.56971900
     11.19780000      6.83120900     16.92686500
     10.51742300      6.42740700     16.39532600
     11.70887500      7.33746900     16.30156500
     17.49625200     13.45631500      6.91683200
     17.03286700     13.82073500      7.66581400
     17.53731200     14.17927000      6.29703800
      9.30956600      8.85026600     17.49462500
      9.52535700      8.98575100     16.57615900
      8.66624900      8.14713200     17.47905000
     16.56917100     15.79827800      0.07821000
     17.09952700     16.58631700     -0.00064700
     16.96090900     15.32891300      0.80946500
     14.35493900     14.87626900      1.56142800
     13.54231000     14.39084100      1.44964900
     14.10621000     15.78232400      1.40113400
      3.64316300     18.29073000      9.97271500
      3.59415300     17.98782500      9.07030200
      2.73469700     18.30511600     10.26077400
      9.35176800      8.54052500      1.82741500
      8.83726100      7.90771800      2.32070900
     10.24864900      8.23186000      1.92136500
     13.70231700      2.91863200     10.70627800
     14.12146000      2.42922700     11.40863300
     12.83784100      2.52371200     10.63406600
      6.79088500      9.20502300     19.30946000
      7.55953500      9.75939300     19.41120600
      6.56668500      8.95567600     20.20168000
     20.61915300      5.22095300      8.02315900
     21.00056400      5.84787900      7.41488900
     21.00223800      5.45351300      8.86438300
      2.80080700     17.97770400     19.13587900
      2.46229600     18.01063600     20.02628700
      2.07980700     17.61569900     18.62832900
     17.74850900      7.97117500     21.00280200
     18.53257800      7.42933800     20.99052900
     18.06814000      8.84409200     20.79221200
      6.25900700     10.79886400      6.62548800
      6.98486800     10.45503300      6.11225500
      6.01817000     10.07559000      7.19764800
     16.87085200     10.38999000      8.26697500
     17.75946000     10.04520500      8.26658200
     16.96001500     11.25679200      8.65323900
      6.73164500      2.34899000     17.76834200
      6.69240200      2.64972600     16.86472800
      7.12127200      3.08101000     18.23827200
      7.81192600     11.81807900      9.86110700
      8.18946800     12.69261300      9.82715300
      8.56954900     11.24141300      9.90536900
     17.67873800      6.67726300     17.91733600
     17.88291500      6.09115300     18.64072200
     18.45311100      7.22772400     17.84094500
      5.86032000      9.89077600     10.05545800
      6.54411300      9.28702300      9.77903400
      5.72206700      9.67761600     10.97412300
     21.00751500     11.71575000      6.04872300
     20.64115200     10.85751300      6.24290600
     20.24424000     12.28288800      5.98343400
     14.62238600      4.83898300     -0.00037300
     14.06088200      4.06888700     -0.01327700
     14.01092300      5.56988700      0.01934700
     12.43694600      7.90104600     19.33796300
     12.48424200      8.55204000     18.64336200
     12.94184700      8.28554100     20.04911300
      2.33715200      1.73075000     20.56866700
      1.50415800      2.07340900     20.88044700
      2.98754400      2.27786600     21.00011700
      0.33126600      3.32528000     15.08384900
      0.55170400      2.74967800     15.81089200
      0.66405300      2.86655600     14.31748000
     11.11933000      5.37151200      0.85916100
     11.31841000      5.01172800     -0.00073700
     11.50155500      4.74364700      1.46594300
     14.47685000      6.27095300     17.34266200
     13.68578300      5.73929700     17.35020000
     15.17240200      5.64675300     17.15536800
     15.98265000      8.08905900     15.93383300
     15.64061600      8.56071400     15.17947500
     16.71962800      8.61989200     16.22292700
      2.56989900      9.51075200      6.14719600
      3.45125500      9.87158900      6.18604500
      2.62089400      8.85096200      5.46121400
     17.15635600     13.43740600     10.56645600
     16.52140900     12.80110100     10.88341000
     17.30659600     14.00637500     11.31625500
      6.79067500      1.10339200     12.54915800
      6.39815400      0.24664000     12.69200400
      6.07028000      1.63562000     12.22318300
      5.40550400      1.50209600      1.33780700
      4.86923500      1.49045100      0.54991100
      5.94436000      2.28200700      1.23846400
      8.82748400     20.96739300     17.00295800
      9.15142000     20.07725400     16.89703700
      8.05917800     21.00170000     16.43990900
     20.63177200      7.30918700     16.05956300
     21.00575500      7.85249600     15.37148400
     19.98835600      6.77233000     15.60536500
     18.88790200      5.02887900     10.57043300
     19.51268500      4.51962500     11.07916400
     18.64335000      4.44696600      9.85624200
     12.41048600     10.89309900      2.68984300
     12.20371500      9.96652800      2.77477400
     11.57154300     11.32870800      2.81196600
     18.82281400      9.01680500      2.69535600
     19.21106800      8.14775500      2.74547400
     19.57327000      9.60171600      2.63887000
     11.38894500     17.56243800     17.82570300
     10.50952400     17.76925900     17.52182000
     11.36589600     16.62135900     17.97515400
      4.23746800      4.75466600     -0.00203200
      4.14486700      5.70330900     -0.00364400
      5.18033300      4.61502500     -0.00074900
     11.64931500     15.68126800      6.36525300
     10.78679000     15.27747000      6.32654600
     12.25034600     14.94150300      6.36765700
     14.32371400      4.66637100     14.16036000
     14.54389800      4.40728900     13.26991200
     15.12540800      4.50885300     14.65124900
      8.78634400      2.98576200      9.06526300
      7.86516700      3.00165900      8.82096300
      9.05296300      2.08552700      8.90099000
      2.63881800     21.00169100      2.35738600
      3.36277500     20.68225100      2.88874700
      1.93866100     20.37615400      2.52164400
      7.30342000     13.58707700      0.21902400
      6.40113600     13.36384700      0.00794800
      7.37951800     14.50296900     -0.03365700
      7.98018700      0.56032200     19.46087400
      8.13526400      0.00010300     20.21625900
      8.17355400     -0.00014500     18.71456200
      4.23558800     14.66919800     20.94186100
      3.33539100     14.36302100     20.87550600
      4.15278600     15.61658000     21.00594600
     12.50278900      5.24005300     21.00193700
     12.17279400      4.34636500     20.97151400
     11.71581500      5.77733100     20.97959300
     11.30536300     13.74276700      9.02766000
     11.77542200     14.57162800      9.05084100
     10.40415300     13.99379900      8.84518100
     18.74988500     11.82553100     12.16584600
     18.49910400     10.99650800     11.76794000
     19.48310500     12.12370900     11.63483400
     19.59307100     13.41001100      1.33671800
     19.50289700     14.34414000      1.17006600
     18.71046800     13.12982100      1.56255200
      9.38062100     18.88450000     14.01412600
     10.20588500     19.26931200     14.29583500
      8.74464800     19.58257200     14.14347000
     11.16912900     10.79345600     19.54387600
     11.08266200     10.91771500     18.60282100
     11.10790800     11.67564300     19.89953500
     12.47841000      0.50955900     12.49365300
     12.63241000     -0.00150100     11.70396800
     11.83495900     -0.00116100     12.97700900
     13.33517200     12.71332400     11.89065400
     14.14091500     12.27967600     12.15754100
     13.37673300     12.71131400     10.93841200
      7.54131200     17.86944100     17.27438300
      6.64880700     17.96034900     17.59636400
      7.45928600     17.98492200     16.33181600
      8.04874800     12.77104900      5.02209100
      8.49808000     13.55672700      4.72324100
      7.17665900     12.84660500      4.64493300
      3.80250600     17.56725200     15.78212500
      4.73566400     17.69838100     15.63886400
      3.45395200     18.45137500     15.85513700
      9.57685600      2.06839700     17.52723300
     10.06159700      1.96415500     18.34127300
     10.06691200      1.54585200     16.89851300
      2.24855700     13.81021400     17.41467400
      2.13812900     14.46369500     16.72964200
      1.69230500     14.12235800     18.12294400
      7.53527200     16.38563300     13.24408100
      7.55822300     17.11204800     12.62740000
      6.62628200     16.35372600     13.52906200
      0.50287200      8.27221000      9.15397600
      0.58754300      9.10245200      9.61444200
     -0.00137500      7.72736200      9.75178100
     10.67880600     19.08338300     11.52331400
     10.79712900     19.20263700     10.58508200
     11.13611400     18.26859100     11.71167300
      1.21503000     20.37437500      5.64339900
      1.76754900     19.74248000      5.19181100
      0.60983400     20.67379400      4.97065700
     16.08718400     20.23941300      6.86185400
     16.61794500     21.00118600      6.64622700
     16.70030200     19.64259500      7.28184200
      6.37645700     12.86261500     14.75973500
      6.06564900     13.17335200     15.60551400
      6.71557300     13.64644300     14.33652000
     11.02419400     13.73490400     16.65858400
     11.62578600     13.06842700     16.97858100
     11.59598800     14.42571300     16.33558400
     -0.00484100     13.11803300     10.60881600
     -0.01042400     13.13368900     11.56182500
      0.11238800     12.19683000     10.39401800
     12.54139100     17.86582600      8.78051400
     13.21613400     18.52056800      8.62387500
     13.01682900     17.13004900      9.15613000
      4.26906600     18.08879700      3.00308100
      4.63247400     17.29926100      2.61184300
      3.58623500     17.76503200      3.58395400
      1.39600800     18.38981400     12.67788500
      1.78774400     17.53698000     12.84436900
      0.50099500     18.29782900     12.99250800
     16.09415500      0.16101400     10.43429500
     15.19976900     -0.00422400     10.71937600
     16.05514800      1.03001300     10.04466200
     17.03158500     20.30613300      3.92932700
     16.37847800     20.99999000      3.90664800
     17.85377000     20.76782400      4.06843000
      0.01126600     20.85733800     10.63585200
      0.07654700     19.92354000     10.81546300
      0.46220600     20.96401700      9.80292400
     14.77096100     18.71392500      0.68607800
     14.77010900     18.05297500     -0.00068700
     14.51867200     19.51502500      0.23542900
      5.40801200      5.56503800     12.26303500
      4.58427500      5.72515800     12.71505200
      5.55310300      6.36105100     11.75924100
      8.82832200      8.68626800      7.12919300
      8.02514300      8.19888100      7.28999900
      8.89671800      9.27164700      7.87829200
      5.58646400     12.76010300     11.97487500
      5.20048700     12.01312600     12.42381700
      5.19738500     12.73268100     11.10518400
      0.27100700     17.10192800     16.58704100
     -0.00013200     16.19199100     16.67070600
      1.10104600     17.05328300     16.12103100
     14.61481800     18.01624300      6.18962500
     15.41916900     17.51162600      6.10666300
     13.93111300     17.35393300      6.23850400
     10.66611400      2.61206700      3.74535500
     10.28558700      2.72151400      2.87833600
     11.39602600      3.22494100      3.75585900
      5.94721100     15.24212400      5.20262000
      5.29650600     15.84032800      4.84592000
      6.66578100     15.81163300      5.46302900
     17.54825200      1.07553000      2.99137700
     18.30575500      0.55990600      2.72903900
     17.91465900      1.75663200      3.54845900
      5.02870600      1.85213600      7.52070300
      4.08889100      1.94396000      7.39102300
      5.34698100      1.53109200      6.68158000
     12.94092000      8.26281900      0.74269200
     13.11183200      7.70661400      1.49762600
     12.34344600      7.74795300      0.20749700
      5.39110600      0.94259400     21.00096100
      5.41117500      1.29169600     20.11426700
      5.45011400     -0.00084200     20.87872100
     11.35481400      3.49578800     15.38453100
     11.91234500      4.26808700     15.41938600
     10.47079200      3.84655000     15.44751000
      4.82147200     15.90529500     17.72139800
      4.94823400     15.12500900     17.18886900
      4.06225600     15.69693900     18.25868200
     18.23178100      1.05790500      8.18384900
     18.56193600      0.65017200      8.97962100
     18.07968500      1.96461100      8.43533800
     18.44888000      3.85093500      5.53656500
     18.76377600      4.54595500      6.10778100
     19.18784500      3.25230100      5.47281200
     12.31271900     10.91149300      5.48775000
     13.04275000     10.30446600      5.40365100
     12.69424500     11.76070600      5.28337100
      6.67355000     15.44159900     19.92091900
      7.35282100     15.16507300     20.52970900
      7.15778400     15.75882000     19.16369800
     10.25630700     11.86313600     12.01791600
     10.47695100     10.94847700     11.86554900
     10.67800000     12.32497100     11.29862500
     20.15379500      2.40944600     16.28112100
     20.99893500      1.97669300     16.36458500
     19.70061700      2.18828200     17.08995500
      0.60673100      8.84128800     18.20825400
     -0.00046700      8.10676400     18.19133600
      0.30698100      9.40460200     17.50021300
      7.93811300      3.46244200      4.10401900
      8.30934800      4.32177500      3.92448400
      7.54684000      3.20244600      3.27468000
      4.05190600      3.05091700      3.16273400
      4.54282700      2.61298400      3.85245300
      3.21257100      2.59931000      3.15474800
     15.97336600      8.82974300      6.14496900
     16.11743000      7.89273700      6.24379500
     15.14366500      8.98348200      6.58820200
      6.55740700     15.32684500      2.45710800
      7.41423500     15.27679300      2.87164600
      6.19101200     14.45541700      2.57902400
      0.32796200     19.33787300      0.18781700
     -0.00281800     20.13650700      0.58940100
      1.24078300     19.53610100     -0.00180900
     18.43540800     -0.00477700     20.22974400
     17.54758200     -0.00146400     20.57652200
     18.98667400     -0.00305600     21.00730300
      1.59797400      8.60486300     14.79311900
      2.28682200      8.39889100     15.41887000
      1.40191500      9.52261700     14.95980600
      2.40440900      2.58084700      0.00393000
      2.17838100      1.65488800      0.00768800
      1.56063600      3.02414800     -0.00127000
      4.49758600      3.83673400      9.75033800
      5.32146800      3.36018100      9.80150600
      4.76317700      4.74912800      9.67621800
      9.84137900     17.28907100     20.99633300
     10.18277700     16.39916400     21.00008700
      9.12718300     17.25939300     20.36582500
     11.85526500     11.00735500      9.19157000
     11.06988000     10.48768300      9.04455800
     12.15429100     11.22674900      8.31353500
     21.00067200     10.32270500      0.40207600
     21.00010100     11.27305500      0.32902900
     20.17943200     10.05973400     -0.00401200
     13.98449900     16.49601300     17.11282200
     14.50483200     17.24511500     16.83605300
     13.85124400     15.99879500     16.31062900
      7.28135200      3.35840900     14.27410400
      6.48293400      3.85932000     14.13226500
      7.96228700      4.02249400     14.33585500
     17.92995500     17.21030100      2.56542500
     17.47488100     18.03815500      2.43867100
     18.65894800     17.43315600      3.13761300
      4.33538400      9.33040600      2.87273500
      4.30826300      8.37941900      2.93095400
      3.42092400      9.59150700      2.93665400
      6.92603000      6.41603600      9.35259900
      7.73985600      6.81437300      9.64843200
      7.21043800      5.67219400      8.82885600
      0.01105000      8.94660400      3.73278000
      0.82742300      8.59048000      3.39335200
      0.26335700      9.78670600      4.10569600
     12.09831900      8.30087700     10.90366800
     11.41271100      7.76010200     11.28577400
     12.75041600      7.67168400     10.60806600
     11.61420800     11.40125500      0.06429600
     12.24663500     12.10128700      0.20028800
     10.77896600     11.85525900     -0.00459800
     13.87898500      3.97633700      2.83938700
     14.80481000      4.07162500      2.63379100
     13.63362000      4.82515700      3.19687400
     10.16186800     21.00040600      2.31817600
      9.42870300     20.58022900      2.75910900
     10.22306300     20.54205600      1.48470900
     14.93497300     18.43151100      3.41605900
     14.20407400     19.04329900      3.41443100
     14.51906100     17.57552000      3.46890500
      9.98829300      8.83249700      4.64091800
      9.94464900      9.78444300      4.66076300
     10.87777300      8.63654400      4.92185300
     19.43816700     10.49136800     16.88893300
     18.62880300     10.68154600     17.35504700
     19.24436600      9.69222200     16.40695500
      0.79660100      1.16992400      8.05468400
      1.45569400      1.84730500      8.17819200
      1.21002600      0.55194200      7.45830000
      5.61983800     18.17221100     20.91849300
      5.39486400     17.87274800     20.04201700
      6.54701200     17.96729500     21.00127500
     14.87516500     14.40725400      9.37613000
     14.42129100     13.92328700      8.69182400
     15.02984000     15.26423300      8.98862600
      1.39365000      0.66160300      2.44885600
      0.81910100     -0.00037300      2.07444500
      0.79909200      1.35364200      2.72467800
     13.00171600     14.37281000     20.07222400
     13.24027400     15.19875800     19.66063900
     12.07026400     14.46534400     20.25202700
     15.31513500      5.70622200     10.69274400
     15.70812200      6.54837300     10.48097800
     15.95073200      5.06949200     10.37796400
     19.64197600     18.29800200      6.73756700
     20.41075500     17.93132400      6.30975100
     19.79660000     19.23841600      6.72313000
      0.58223500      9.50042800     12.33509200
     -0.00612400      8.75150700     12.37320600
     -0.00241000     10.25321400     12.33546900
     19.50896600      7.71923100     13.06921600
     19.10796200      8.57942600     13.15731800
     19.08165500      7.34281000     12.30488000
      5.79433300      6.12166200      2.42647100
      5.05114700      5.54706400      2.58775700
      6.50947600      5.52353700      2.22819800
     15.04407300      2.00570700     20.89755600
     15.96931100      2.20975200     21.00148400
     15.02246700      1.05436700     20.84295300
 H2O2           9     3
     10.20093900      6.56889000     13.66788800
     10.47188300      7.46458800     13.84903700
     11.02207500      6.09515600     13.56885100
     20.84280200      9.36956900     11.17563500
     21.02853900      8.52838100     10.76770600
     20.66540500      9.94860800     10.43960400
      8.73424500      8.15519400     11.83347800
      7.80051000      8.21014000     12.01683800
      8.87565600      8.81259700     11.15796400
      0.76702600     13.29200500      3.20480200
     -0.00370600     12.73406800      3.26119200
      1.47641100     12.73760700      3.51770900
      1.53583300      4.58660000      2.26110300
      2.37482300      4.96273600      2.00986700
      0.90284600      5.26160800      2.03265400
      3.18902300     11.07821400     16.35531200
      2.56002400     11.10057000     17.07110700
      2.85712500     11.72272300     15.73648500
     19.37779400     12.29289200     20.71663100
     19.77019700     12.13505100     19.86246100
     19.08758500     11.43035100     21.00000100
      3.24857600      8.17139200     20.67515700
      3.82479300      7.45535400     20.42264000
      2.37249700      7.81496000     20.55709900
      6.05852000      9.69506500     15.49530100
      6.93053000      9.44710800     15.78960900
      5.84794500     10.46288100     16.01933700
