 MM
 fscs
  2   2   1   0   2
 H2O        0.833333 0.500000
  8  1  1
 OW HW HW
  15.9994   1.0079   1.0079
  -0.8340   0.4170   0.4170
 bonds   2
   1   2 amber  553.0000    0.9572
   1   3 amber  553.0000    0.9572
 bends   1
   2   1   3 amber  100.0000  104.5000
 dihedrals   0
 H2O2       0.833333 0.500000
  8  1  1
 OW HW HW
  15.9994   1.0079   1.0079
  -0.8340   0.4170   0.4170
 bonds   2
   1   2 amber  553.0000    0.9572
   1   3 amber  553.0000    0.9572
 bends   1
   2   1   3 amber  100.0000  104.5000
 dihedrals   0
 vdw   1
 OW OW amber    0.1520    3.5366
