 MM
 fscs
  1   5   6   4   2
 C2H4       0.833333 0.500000
  6  6  1  1  1  1
 CA CA HA HA HA HA
  12.0107  12.0107   1.0079   1.0079   1.0079   1.0079
   0.0000   0.0000   0.0000   0.0000   0.0000   0.0000
 bonds   5
   1   2 amber  427.0000    1.3810
   1   3 amber    0.0000    0.0000
   1   4 amber    0.0000    0.0000
   2   5 amber    0.0000    0.0000
   2   6 amber    0.0000    0.0000
 bends   6
   2   1   3 amber    0.0000    0.0000
   2   1   4 amber    0.0000    0.0000
   1   2   5 amber    0.0000    0.0000
   1   2   6 amber    0.0000    0.0000
   3   1   4 amber    0.0000    0.0000
   5   2   6 amber    0.0000    0.0000
 dihedrals   4
   3   1   2   5 amber   0    1.00   180.0  0
   3   1   2   6 amber   0    1.00   180.0  0
   4   1   2   5 amber   0    1.00   180.0  0
   4   1   2   6 amber   0    1.00   180.0  0
 vdw   1
 HA HA amber    0.0150    2.9180
