# Method to be used: Molecular dynamics or Tight-binding

&INIT
method MD
&END

# Unitary cell coordinates

&CELL
       12.8511897900         0.0000000000         0.0000000000
        0.0000000000        12.8511897900         0.0000000000
        0.0000000000         0.0000000000        12.8511897900
&END

# Atomic coordinates

&COORD
reuse 1
natom 192
  8    11.490614    4.977578    2.213542 1  1
  1    10.617955    5.178310    2.673797 2  1
  1    11.656752    5.609023    1.423832 3  1
  8     3.568773    0.428749    1.676783 1  1
  1     3.753054    0.671842    2.692942 2  1
  1     4.235152   12.409057    1.465003 3  1
  8     5.765885    4.424698    5.708926 1  1
  1     6.230528    3.944603    4.993301 2  1
  1     5.473490    5.323711    5.220988 3  1
  8     6.622399   12.445354    4.797142 1  1
  1     5.761508    0.206994    4.519395 2  1
  1     7.321598    0.135309    4.208010 3  1
  8     4.742895    6.950043   12.598664 1  1
  1     4.891173    6.116444    0.448978 2  1
  1     5.489101    7.582496   12.523657 3  1
  8    11.319277    0.712339    8.161936 1  1
  1    11.023127    1.700559    7.924778 2  1
  1    12.161530    0.646368    7.627084 3  1
  8     8.332083    1.069372    2.997345 1  1
  1     7.922770    1.235015    1.970486 2  1
  1     8.998524    0.371668    2.846163 3  1
  8     0.554587    3.026336   11.162126 1  1
  1     1.431699    3.437657   10.725039 2  1
  1     0.930121    2.471483   11.957962 3  1
  8     7.177908    1.317399    0.512644 1  1
  1     7.602330    0.828303   12.366451 2  1
  1     6.311053    1.817227    0.375476 3  1
  8     3.133984    2.888945    6.931818 1  1
  1     3.206707    1.924759    6.687747 2  1
  1     3.811992    3.391418    6.346094 3  1
  8     9.034720    5.764196    3.362020 1  1
  1     8.389882    6.540173    2.992220 2  1
  1     9.238424    6.011376    4.348626 3  1
  8     5.182476    6.242541    3.928063 1  1
  1     4.883635    5.634632    3.173565 2  1
  1     5.964633    6.756002    3.478956 3  1
  8     2.874990    3.560681    4.077868 1  1
  1     2.914829    4.534183    4.466233 2  1
  1     1.938233    3.427028    3.627565 3  1
  8     5.733318   11.606741    0.930065 1  1
  1     5.579264   11.315488   12.666965 2  1
  1     6.359242   12.394576    0.931359 3  1
  8     1.901972    1.331481    9.115271 1  1
  1     2.047715    1.878117    8.233836 2  1
  1     1.131878    1.747127    9.769524 3  1
  8    10.537506    3.176133    7.416470 1  1
  1    11.199046    3.988586    7.363624 2  1
  1     9.595274    3.624400    7.467070 3  1
  8     6.989630    7.477606    2.401211 1  1
  1     7.122337    7.303149    1.440984 2  1
  1     7.046230    8.505044    2.601265 3  1
  8     9.672147    8.631148   12.414566 1  1
  1    10.551799    8.244058   12.087801 2  1
  1     9.844583    9.533919    0.113107 3  1
  8     1.380423    1.474473    0.850713 1  1
  1     0.829622    2.018153    1.666538 2  1
  1     2.212895    0.976975    1.223326 3  1
  8    12.431363    9.775126    9.528082 1  1
  1    12.665690    9.717969    8.525824 2  1
  1     0.442970   10.422982    9.925529 3  1
  8     6.036875   10.545918   10.991508 1  1
  1     6.586134    9.764755   10.729306 2  1
  1     5.425397   10.703740   10.253589 3  1
  8     7.122235   11.737676    7.475741 1  1
  1     7.059692   12.018324    6.522617 2  1
  1     7.710331   12.407913    7.988988 3  1
  8     4.146044    8.864820    3.244488 1  1
  1     4.316124    7.837825    3.148160 2  1
  1     5.002247    9.372369    3.510554 3  1
  8     4.794503    2.508061   12.755596 1  1
  1     4.649378    2.557791   11.796408 2  1
  1     4.175071    1.753848    0.508864 3  1
  8     8.617386    5.130638   10.752322 1  1
  1     9.579710    4.705105   10.682684 2  1
  1     7.809983    4.476989   10.596192 3  1
  8    10.018223   11.149811    9.166402 1  1
  1    10.737655   10.609976    9.635046 2  1
  1    10.453338   12.008098    8.835760 3  1
  8    11.859739    7.459123   11.429249 1  1
  1    12.465610    8.127610   10.882785 2  1
  1    11.608906    6.627716   10.960439 3  1
  8    12.589836   10.011326    6.784832 1  1
  1    11.771653    9.386968    6.725042 2  1
  1     0.595245    9.505323    6.291081 3  1
  8     7.103565    3.761822    2.902594 1  1
  1     7.758703    4.610230    2.969470 2  1
  1     7.703383    2.939273    3.130242 3  1
  8     9.106955    6.514242    6.246590 1  1
  1     8.800059    5.682166    6.610697 2  1
  1     8.477858    7.253003    6.477462 3  1
  8     1.741322    9.542076    2.275211 1  1
  1     2.759682    9.552865    2.479834 2  1
  1     1.482008    8.645941    1.873352 3  1
  8    10.226237   11.347956    0.634068 1  1
  1    11.018000   11.786599    0.137079 2  1
  1    10.298162   11.548522    1.655512 3  1
  8    11.388754    4.817531   10.493388 1  1
  1    12.088434    4.138522   10.834747 2  1
  1    11.421585    4.798596    9.466981 3  1
  8     8.217463    9.284435    9.898369 1  1
  1     8.986867    9.912621    9.532552 2  1
  1     8.578968    8.833549   10.774688 3  1
  8     7.968987    4.193506    7.416706 1  1
  1     7.648822    3.983782    8.336825 2  1
  1     7.148655    4.357717    6.773489 3  1
  8     0.265608   12.657712    6.024657 1  1
  1    12.727939   11.769066    6.525415 2  1
  1     0.627192   12.498152    5.030983 3  1
  8     8.298358    0.855929    9.048236 1  1
  1     8.410791    0.465269   10.022423 2  1
  1     9.284591    0.680646    8.656796 3  1
  8    11.004928    1.406136    5.151804 1  1
  1    10.531513    1.949482    5.939143 2  1
  1    11.825807    0.947922    5.494868 3  1
  8     2.309641    6.610263   11.687756 1  1
  1     3.337457    6.707439   11.981482 2  1
  1     2.151311    7.603325   11.712985 3  1
  8    12.350244   12.572263   11.998692 1  1
  1     0.348065    0.309654   12.657734 2  1
  1    12.099308    0.418323   11.193882 3  1
  8     0.555609    6.730831    1.105371 1  1
  1     1.287509    6.273336    0.436503 2  1
  1    12.555285    7.364645    0.634855 3  1
  8     2.656467    4.363085   10.031849 1  1
  1     2.378052    4.579086    9.141268 2  1
  1     2.513117    5.273381   10.531688 3  1
  8     4.235968    8.772504    6.696918 1  1
  1     5.222633    8.528765    6.880275 2  1
  1     3.795462    7.880160    6.539264 3  1
  8     8.355265   12.485772   11.400745 1  1
  1     7.633695   11.772047   11.162702 2  1
  1     9.197399   12.056664   11.850959 3  1
  8     4.936633    4.756569    1.520978 1  1
  1     4.665780    3.854527    0.977987 2  1
  1     5.791433    4.449838    2.001869 3  1
  8    11.582382    7.601154    5.738973 1  1
  1    12.040721    7.243040    4.922858 2  1
  1    10.642139    7.328369    5.752813 3  1
  8     4.329854    2.348348   10.121180 1  1
  1     3.706933    1.642282    9.713293 2  1
  1     3.832942    3.247082   10.234399 3  1
  8     6.942708    3.148671    9.905918 1  1
  1     5.970279    2.727750    9.785524 2  1
  1     7.477992    2.278378    9.765477 3  1
  8    12.034794    5.441803    7.660766 1  1
  1    11.740226    6.436143    7.400181 2  1
  1     0.379276    5.364141    7.725524 3  1
  8     3.141569   12.698443    6.471658 1  1
  1     2.800029   11.905032    6.029633 2  1
  1     3.615808   12.345084    7.373046 3  1
  8     0.653252   11.772559    3.322435 1  1
  1     0.473085   12.547496    2.657823 2  1
  1     0.900767   10.823674    2.859388 3  1
  8     6.803150    8.710739    7.587450 1  1
  1     7.291898    8.806543    8.477532 2  1
  1     6.733994    9.699935    7.233150 3  1
  8     4.215280    1.143819    4.292254 1  1
  1     3.905948    0.636314    5.174982 2  1
  1     3.825997    2.158234    4.355167 3  1
  8     7.599257    7.004293   12.650324 1  1
  1     7.693529    6.287864   11.917722 2  1
  1     8.436650    7.582559   12.664315 3  1
  8     2.869843    6.315534    5.417705 1  1
  1     1.905845    6.533591    5.112560 2  1
  1     3.665474    6.567042    4.770304 3  1
  8     4.566786   11.118276    8.551803 1  1
  1     4.155212   10.199371    8.091720 2  1
  1     5.506628   11.232146    8.164216 3  1
  8     0.259051    2.601309    3.002147 1  1
  1    12.436242    2.090380    3.694846 2  1
  1    12.297806    3.282948    2.638051 3  1
  8     1.902346    4.992316    7.556653 1  1
  1     2.339947    4.060240    7.501174 2  1
  1     2.337986    5.463084    6.756025 3  1
  8     1.744158   11.328245    9.812908 1  1
  1     2.655388   11.109842    9.492455 2  1
  1     1.642541   12.411108    9.521964 3  1
  8     2.418084   10.314228    5.297515 1  1
  1     3.146433    9.693256    5.257205 2  1
  1     1.908271   10.527869    4.431857 3  1
  8     1.594830    9.321602   11.611698 1  1
  1     1.847416    9.861215   10.741834 2  1
  1     1.515399    9.910609   12.375829 3  1
  8     0.664413    6.123192    3.849919 1  1
  1    12.433135    5.653503    4.068107 2  1
  1     0.649610    6.194002    2.829559 3  1
  8    10.408366   12.050090    3.310024 1  1
  1    10.211619   12.728138    3.953735 2  1
  1    11.367778   11.726409    3.459985 3  1
  8     6.637013   10.017721    3.220176 1  1
  1     6.391239   10.689026    2.508239 2  1
  1     6.807776   10.568540    4.092530 3  1
&END

# Molecular dynamics parameters

&MD
nhist 500
preext 1.0d0
text 298.0
ntrialmax 100
nrelax 1
timestep 0.001
ensemble npt 0.1 0.1 4.9d-5
rcutoff 6.0 0.1
&END

# Force field parameters

&FORCE
elect coul 3
1 -0.82
2 +0.41
3 +0.41
vdw 1
1 1 lj 0.006739880631 3.165492
&END

# Molecules to be considered

&MOLEC
molecs 2
H2O 32 3
bends 1
2 1 3 harm 3.2913 113.24
bonds 2
1 2 harm  45.9296231   1.012
1 3 harm  45.9296231   1.012
H2O 32 3
bends 1
2 1 3 harm 3.2913 113.24
bonds 2
1 2 harm 45.9296231 1.012
1 3 harm 45.9296231 1.012
&END
